shape_id,shape_pt_lat,shape_pt_lon,shape_pt_sequence
1,46.232990,6.056136,0
1,46.233040,6.056307,1
1,46.232826,6.057077,2
1,46.232769,6.057149,3
1,46.232594,6.057225,4
1,46.231903,6.056428,5
1,46.230419,6.055578,6
1,46.230328,6.055328,7
1,46.230286,6.054537,8
1,46.230190,6.053327,9
1,46.230316,6.053279,10
1,46.231003,6.054078,11
1,46.231125,6.054084,12
1,46.231323,6.053789,13
1,46.231426,6.053756,14
1,46.231522,6.053968,15
1,46.231621,6.054058,16
1,46.231682,6.054042,17
1,46.231735,6.054082,18
1,46.231693,6.056074,19
1,46.231758,6.056329,20
1,46.230419,6.055578,21
1,46.230328,6.055328,22
1,46.230145,6.052659,23
1,46.230103,6.052541,24
1,46.229912,6.052201,25
1,46.229664,6.052021,26
1,46.229549,6.051957,27
1,46.229118,6.051691,28
1,46.229012,6.051471,29
1,46.228981,6.051160,30
1,46.228981,6.050718,31
1,46.229744,6.048891,32
1,46.229939,6.048427,33
1,46.230930,6.046152,34
1,46.231121,6.045932,35
1,46.231308,6.045879,36
1,46.231407,6.045935,37
1,46.231640,6.045865,38
1,46.231869,6.045436,39
1,46.232086,6.045015,40
1,46.232132,6.044778,41
1,46.232086,6.045016,42
1,46.232201,6.044680,43
1,46.233440,6.042244,44
1,46.234932,6.039648,45
1,46.237270,6.035850,46
1,46.238235,6.036268,47
1,46.238682,6.036408,48
1,46.238804,6.035941,49
1,46.238525,6.035319,50
1,46.238266,6.035174,51
1,46.237934,6.035072,52
1,46.237698,6.035104,53
1,46.234489,6.040297,54
1,46.235939,6.040860,55
1,46.236362,6.042089,56
1,46.236534,6.042845,57
1,46.236530,6.043521,58
1,46.236473,6.043827,59
1,46.236115,6.044739,60
1,46.235741,6.045141,61
1,46.235298,6.045490,62
1,46.235100,6.045989,63
1,46.234501,6.048172,64
1,46.233681,6.047711,65
1,46.233494,6.048247,66
1,46.233265,6.049100,67
1,46.234123,6.049545,68
1,46.233299,6.052507,69
1,46.232891,6.052249,70
1,46.232883,6.052260,71

2,46.231548,6.054003,0
2,46.231628,6.054073,1
2,46.231716,6.054078,2
2,46.231693,6.056079,3
2,46.231758,6.056337,4
2,46.232609,6.057372,5
2,46.232822,6.057198,6
2,46.233082,6.056318,7
2,46.232986,6.056120,8
2,46.233040,6.056302,9
2,46.232819,6.057074,10
2,46.232594,6.057217,11
2,46.232586,6.057369,12
2,46.232704,6.057673,13
2,46.232914,6.057517,14
2,46.233604,6.055055,15
2,46.233772,6.054706,16
2,46.235077,6.050152,17
2,46.236439,6.045061,18
2,46.236656,6.044723,19
2,46.236923,6.044613,20
2,46.236839,6.044160,21
2,46.236820,6.043749,22
2,46.239365,6.034791,23
2,46.239594,6.034227,24
2,46.240032,6.034048,25
2,46.240395,6.034265,26
2,46.240768,6.034630,27
2,46.242565,6.036647,28
2,46.243382,6.037473,29
2,46.243481,6.037489,30
2,46.244003,6.036837,31
2,46.244049,6.036660,32
2,46.243961,6.036424,33
2,46.242710,6.034879,34
2,46.242523,6.035220,35
2,46.242378,6.035220,36
2,46.242256,6.035083,37
2,46.242008,6.035558,38
2,46.242149,6.035711,39
2,46.242378,6.035220,40
2,46.242523,6.035220,41
2,46.242710,6.034879,42
2,46.243961,6.036424,43
2,46.244049,6.036660,44
2,46.244003,6.036837,45
2,46.243481,6.037489,46
2,46.243488,6.037604,47
2,46.244205,6.038280,48
2,46.248344,6.041676,49
2,46.251858,6.044586,50
2,46.252056,6.044827,51
2,46.252270,6.045219,52
2,46.252518,6.045967,53
2,46.252850,6.047314,54
2,46.253662,6.051984,55
2,46.253761,6.052641,56
2,46.253849,6.054119,57
2,46.253975,6.057235,58
2,46.254120,6.059075,59
2,46.254211,6.059692,60
2,46.254444,6.059711,61
2,46.254696,6.059547,62
2,46.255299,6.058582,63
2,46.255554,6.057951,64
2,46.255630,6.057844,65
2,46.255817,6.057887,66
2,46.256596,6.059078,67
2,46.257240,6.060001,68
2,46.258034,6.061116,69
2,46.258434,6.061658,70
2,46.259232,6.060532,71
2,46.260513,6.058660,72
2,46.261940,6.060462,73
2,46.263382,6.061481,74
2,46.264297,6.062747,75
2,46.263382,6.061481,76
2,46.261940,6.060462,77
2,46.260513,6.058660,78
2,46.256832,6.053923,79
2,46.256821,6.053708,80
2,46.256626,6.053681,81
2,46.256615,6.053971,82
2,46.254887,6.056530,83
2,46.255627,6.057613,84
2,46.255589,6.057807,85
2,46.255501,6.057935,86
2,46.255157,6.058483,87
2,46.254650,6.059512,88
2,46.254421,6.059706,89
2,46.254211,6.059692,90
2,46.254120,6.059075,91
2,46.253975,6.057235,92
2,46.253883,6.053005,93
2,46.253738,6.051916,94
2,46.252884,6.047303,95
2,46.252468,6.045538,96
2,46.252415,6.045136,97
2,46.252445,6.044669,98
2,46.252132,6.044637,99
2,46.248272,6.041547,100
2,46.243534,6.037438,101

3,46.231503,6.054035,0
3,46.231731,6.054078,1
3,46.231724,6.056138,2
3,46.231667,6.056342,3
3,46.230404,6.055634,4
3,46.230309,6.055301,5
3,46.230122,6.052576,6
3,46.230576,6.051074,7
3,46.231033,6.051192,8
3,46.23159,6.051782,9
3,46.232349,6.05219,10
3,46.232624,6.052169,11
3,46.2341,6.053038,12
3,46.234234,6.052995,13
3,46.235222,6.049519,14
3,46.23539,6.048725,15
3,46.236481,6.044884,16
3,46.236683,6.044701,17
3,46.236935,6.044594,18
3,46.236839,6.044176,19
3,46.236824,6.043671,20
3,46.239449,6.034509,21
3,46.239574,6.034209,22
3,46.240059,6.034026,23
3,46.240631,6.034455,24
3,46.2435,6.037534,25
3,46.243992,6.036859,26
3,46.243954,6.036386,27
3,46.242729,6.034884,28
3,46.2425,6.035249,29
3,46.242352,6.035239,30
3,46.242256,6.035067,31
3,46.242008,6.035517,32
3,46.242134,6.035711,33
3,46.242352,6.035239,34
3,46.2425,6.035249,35
3,46.242729,6.034884,36
3,46.242695,6.034638,37
3,46.242798,6.034445,38
3,46.24324,6.034294,39
3,46.243813,6.033747,40
3,46.244141,6.033254,41
3,46.244415,6.033071,42
3,46.240829,6.03011,43
3,46.240719,6.029853,44
3,46.241913,6.025797,45
3,46.242085,6.025615,46
3,46.242352,6.025711,47
3,46.242996,6.02643,48
3,46.244999,6.026398,49
3,46.245453,6.026838,50
3,46.246883,6.028823,51
3,46.247204,6.028501,52
3,46.247581,6.028361,53
3,46.248116,6.027696,54
3,46.248634,6.026881,55
3,46.249527,6.026977,56
3,46.250484,6.025797,57
3,46.250645,6.025786,58
3,46.251011,6.026076,59
3,46.251232,6.025829,60
3,46.251194,6.025593,61
3,46.251656,6.024467,62
3,46.251717,6.023823,63
3,46.251553,6.023415,64
3,46.250908,6.022954,65
3,46.250572,6.022106,66
3,46.250736,6.021194,67
3,46.250572,6.022106,68
3,46.250908,6.022954,69
3,46.251553,6.023415,70
3,46.251717,6.023823,71
3,46.251656,6.024467,72
3,46.251194,6.025593,73
3,46.251232,6.025829,74
3,46.251011,6.026076,75
3,46.250645,6.025786,76
3,46.250484,6.025797,77
3,46.249527,6.026977,78
3,46.248634,6.026881,79
3,46.248116,6.027696,80
3,46.249519,6.029638,81
3,46.249928,6.030078,82
3,46.250526,6.03055,83
3,46.251034,6.031226,84
3,46.251522,6.031966,85
3,46.251827,6.033007,86
3,46.252041,6.033511,87
3,46.252308,6.033715,88
3,46.252895,6.034584,89
3,46.253563,6.035045,90
3,46.254284,6.035249,91
3,46.254608,6.035346,92
3,46.255135,6.035904,93
3,46.255394,6.036344,94
3,46.255684,6.037202,95
3,46.256565,6.038275,96
3,46.257027,6.038736,97
3,46.256947,6.039155,98
3,46.254932,6.041268,99
3,46.252403,6.044648,100
3,46.252087,6.044809,101
3,46.252277,6.045259,102
3,46.25256,6.04601,103
3,46.253719,6.051986,104
3,46.253986,6.057329,105
3,46.254192,6.059743,106
3,46.254803,6.059389,107
3,46.255306,6.058552,108
3,46.255676,6.057737,109
3,46.258427,6.061642,110
3,46.260483,6.058638,111
3,46.261646,6.060097,112
3,46.263428,6.061524,113
3,46.264317,6.062779,114
3,46.263428,6.061524,115
3,46.261646,6.060097,116
3,46.260483,6.058638,117
3,46.258427,6.061642,118
3,46.255676,6.057737,119
3,46.255188,6.058488,120
3,46.254803,6.059389,121
3,46.254192,6.059743,122
3,46.254349,6.061782,123
3,46.254074,6.062822,124
3,46.253548,6.063638,125
3,46.249733,6.066835,126
3,46.248791,6.067586,127
3,46.245342,6.07103,128
3,46.244621,6.072124,129
3,46.244274,6.073208,130
3,46.244179,6.074291,131
3,46.244339,6.075622,132
3,46.245907,6.080353,133
3,46.24609,6.081094,134
3,46.246033,6.081651,135
3,46.246307,6.081748,136
3,46.246616,6.082456,137
3,46.247486,6.085063,138
3,46.24765,6.085922,139
3,46.24762,6.086415,140
3,46.247478,6.086715,141
3,46.247604,6.086941,142
3,46.247509,6.087735,143
3,46.246181,6.091973,144
3,46.245533,6.093872,145
3,46.245468,6.094397,146
3,46.245216,6.094515,147
3,46.245247,6.094837,148
3,46.244919,6.095331,149
3,46.244251,6.094397,150
3,46.244022,6.094397,151
3,46.243309,6.095213,152
3,46.243042,6.095213,153
3,46.242821,6.094784,154
3,46.242611,6.094505,155
3,46.242306,6.094687,156
3,46.241276,6.096114,157
3,46.242306,6.094687,158
3,46.242611,6.094505,159
3,46.242821,6.094784,160
3,46.243042,6.095213,161
3,46.243309,6.095213,162
3,46.244022,6.094397,163
3,46.244251,6.094397,164
3,46.244919,6.095331,165
3,46.245247,6.094837,166
3,46.245506,6.094977,167
3,46.249184,6.100513,168
3,46.249584,6.101907,169
3,46.249557,6.103259,170
3,46.248882,6.105695,171
3,46.248783,6.107111,172
3,46.249214,6.10872,173
3,46.250217,6.111006,174
3,46.25066,6.11299,175
3,46.250912,6.114407,176
3,46.251396,6.115351,177
3,46.252285,6.11637,178
3,46.25383,6.117153,179
3,46.253948,6.117346,180
3,46.254128,6.117175,181
3,46.255089,6.11711,182
3,46.255653,6.116767,183
3,46.257717,6.114299,184
3,46.258087,6.113462,185
3,46.258575,6.112561,186
3,46.258919,6.112089,187
3,46.259586,6.110995,188
3,46.260342,6.109128,189
3,46.260342,6.108077,190
3,46.259777,6.10621,191
3,46.259777,6.105931,192
3,46.260208,6.105158,193
3,46.261009,6.104407,194
3,46.269585,6.098549,195
3,46.270828,6.097605,196
3,46.271408,6.097069,197
3,46.271973,6.096768,198
3,46.274731,6.093421,199
3,46.275829,6.092799,200
3,46.279106,6.091726,201
3,46.27998,6.091061,202
3,46.282043,6.087971,203
3,46.283882,6.086297,204
3,46.284801,6.085782,205
3,46.286907,6.085331,206
3,46.288002,6.086683,207
3,46.288773,6.088121,208
3,46.289204,6.088271,209
3,46.289989,6.087949,210
3,46.290642,6.087992,211
3,46.29174,6.088915,212
3,46.292465,6.089323,213
3,46.293533,6.091018,214
3,46.296898,6.092069,215
3,46.297626,6.092885,216
3,46.298248,6.093185,217
3,46.299332,6.093421,218
3,46.300858,6.095417,219
3,46.300842,6.095674,220
3,46.301006,6.095695,221
3,46.301037,6.095331,222
3,46.304104,6.09031,223
3,46.305973,6.088078,224
3,46.309261,6.083872,225
3,46.31015,6.081705,226
3,46.310833,6.078293,227
3,46.310257,6.077542,228
3,46.310242,6.076255,229
3,46.310257,6.077542,230
3,46.310833,6.078293,231
3,46.31015,6.081705,232
3,46.309261,6.083872,233
3,46.305973,6.088078,234
3,46.304104,6.09031,235
3,46.301037,6.095331,236
3,46.300858,6.095417,237
3,46.299332,6.093421,238
3,46.298248,6.093185,239
3,46.297626,6.092885,240
3,46.29681,6.092069,241
3,46.293533,6.091018,242
3,46.292465,6.089323,243
3,46.29174,6.088915,244
3,46.290642,6.087992,245
3,46.289989,6.087949,246
3,46.289204,6.088271,247
3,46.288773,6.088121,248
3,46.288002,6.086683,249
3,46.286907,6.085331,250

4,46.231548,6.054007,0
4,46.231617,6.054072,1
4,46.231705,6.054072,2
4,46.231689,6.056082,3
4,46.231762,6.056345,4
4,46.232597,6.057372,5
4,46.232693,6.057683,6
4,46.231018,6.064260,7
4,46.229935,6.067865,8
4,46.226017,6.082413,9
4,46.222454,6.095395,10
4,46.221779,6.097122,11
4,46.222633,6.097798,12
4,46.226231,6.101929,13
4,46.229061,6.106467,14
4,46.228256,6.107229,15
4,46.229111,6.108989,16
4,46.231274,6.112036,17
4,46.231800,6.112304,18
4,46.232201,6.111971,19
4,46.232170,6.111209,20
4,46.231918,6.110877,21
4,46.231377,6.110920,22
4,46.230671,6.110061,23
4,46.231049,6.109418,24
4,46.230068,6.107937,25
4,46.229652,6.108329,26
4,46.229336,6.107959,27
4,46.229275,6.106773,28
4,46.229061,6.106467,29
4,46.222633,6.097798,30
4,46.222157,6.097369,31
4,46.222664,6.095438,32
4,46.226017,6.082413,33
4,46.229935,6.067865,34
4,46.231018,6.064260,35
4,46.232693,6.057683,36
4,46.231762,6.056345,37
4,46.230434,6.055580,38
4,46.230301,6.055344,39
4,46.230171,6.053295,40
4,46.230293,6.053252,41
4,46.230976,6.054035,42
4,46.231133,6.054100,43
4,46.231335,6.053756,44
4,46.231426,6.053756,45
4,46.231548,6.054007,46

